#10 20 30 40 50
#0 65535 0 65535 20
#10 30 25 35 10
#30 65 20 35 10
#30 35 20 100 10
#80 100 20 110 10
#20 100 30 35 10
#20 110 80 100 10
#20 25 30 300 550
#20 25 30 300 11550
#20 25 30 35 36
#20 25 25 35 36
#20 25 25 35 66
#20 55 25 35 66
#20 25 20 35 66
#10 20 1 50 100
#0 65535 0 65535 50
#0 65535 0 65535 100
#10 20 0 65535 50
#10 20 0 65535 100
#10 20 15 2000 50
#10 20 15 2000 100
#10 20 1 100 50
#10 20 1 100 100
#10 20 1 50 50
#10 20 1 50 100
#5000 5010 0 5010 50
#5000 5010 0 5010 100
#5000 5010 0 5020 50
#5000 5010 0 5020 100
10 15 1 101 50
#10 15 1 101 100
#5000 5010 0 5005 50
#5000 5010 0 5005 100
